id_train13:
5 7 9 13 16 19 21 22 25 30 34 53 54 56 57 59 69 70 71 72 74 78 82 84 86 87 90 91 93 101 106 118 122 124 130 135 138 139 141 146 149 150 154 156 158 160 167 178 183 185 193 196 198 201 205 207 214 215 216 230 231 233 234 236 238 244 247 248 252 254 259 262 263 264 274 282 288 293 295 302 303 304 310 311 314 320 323 326 327 332 334 336 338 347 352 353 357 358 360 363 365 371 373 375 376 378 382 385 389 390 393 394 395 397 398 404 405 410 415 416 418 421 423 425 426 429 438 444 445 453 457 459 460 463 468 473 475 477 478 481 482 484 489 496 502 507 513 519 521 528 529 533 536 539 541 545 557 573 575 577 581 586 588 598 600 601 606 611 613 617 621 623 624 625 626 633 634 635 639 643 644 645 647 654 656 661 664 665 671 672 673 674 679 680 683 688 697 703 705 706 

id_train24:
0 1 2 3 4 6 8 10 11 12 14 15 17 18 20 23 24 26 27 28 29 31 32 33 35 36 37 38 39 40 41 42 43 44 45 46 47 48 49 50 51 52 55 58 60 61 62 63 64 65 66 67 68 73 75 76 77 79 80 81 83 85 88 89 92 94 95 96 97 98 99 100 102 103 104 105 107 108 109 110 111 112 113 114 115 116 117 119 120 121 123 125 126 127 128 129 131 132 133 134 136 137 140 142 143 144 145 147 148 151 152 153 155 157 159 161 162 163 164 165 166 168 169 170 171 172 173 174 175 176 177 179 180 181 182 184 186 187 188 189 190 191 192 194 195 197 199 200 202 203 204 206 208 209 210 211 212 213 217 218 219 220 221 222 223 224 225 226 227 228 229 232 235 237 239 240 241 242 243 245 246 249 250 251 253 255 256 257 258 260 261 265 266 267 268 269 270 271 272 273 275 276 277 278 279 280 281 283 284 285 286 287 289 290 291 292 294 296 297 298 299 300 301 305 306 307 308 309 312 313 315 316 317 318 319 321 322 324 325 328 329 330 331 333 335 337 339 340 341 342 343 344 345 346 348 349 350 351 354 355 356 359 361 362 364 366 367 368 369 370 372 374 377 379 380 381 383 384 386 387 388 391 392 396 399 400 401 402 403 406 407 408 409 411 412 413 414 417 419 420 422 424 427 428 430 431 432 433 434 435 436 437 439 440 441 442 443 446 447 448 449 450 451 452 454 455 456 458 461 462 464 465 466 467 469 470 471 472 474 476 479 480 483 485 486 487 488 490 491 492 493 494 495 497 498 499 500 501 503 504 505 506 508 509 510 511 512 514 515 516 517 518 520 522 523 524 525 526 527 530 531 532 534 535 537 538 540 542 543 544 546 547 548 549 550 551 552 553 554 555 556 558 559 560 561 562 563 564 565 566 567 568 569 570 571 572 574 576 578 579 580 582 583 584 585 587 589 590 591 592 593 594 595 596 597 599 602 603 604 605 607 608 609 610 612 614 615 616 618 619 620 622 627 628 629 630 631 632 636 637 638 640 641 642 646 648 649 650 651 652 653 655 657 658 659 660 662 663 666 667 668 669 670 675 676 677 678 681 682 684 685 686 687 689 690 691 692 693 694 695 696 698 699 700 701 702 704 707 708 

id_test13:
9 10 15 18 26 31 32 37 42 44 48 52 53 61 62 63 64 68 70 73 78 79 80 82 95 98 101 108 109 114 116 118 120 127 129 134 136 141 145 148 159 160 161 168 169 170 172 184 191 195 196 199 200 201 202 204 207 208 215 216 220 221 227 230 233 236 238 245 248 251 254 258 259 260 266 270 271 274 277 278 282 290 291 292 298 299 310 311 314 316 321 323 327 331 343 344 345 346 348 349 350 353 355 358 363 367 373 381 383 384 389 390 393 400 406 407 410 420 423 425 427 429 430 434 437 445 446 453 456 457 458 461 464 465 480 486 488 492 493 494 506 509 516 517 518 519 520 521 525 528 529 534 538 542 546 549 552 556 558 561 570 573 578 584 588 590 592 593 600 605 612 613 615 618 620 624 627 633 638 640 644 647 654 665 670 675 677 680 683 684 685 686 690 692 694 695 696 697 702 706 

id_test24:
0 1 2 3 4 5 6 7 8 11 12 13 14 16 17 19 20 21 22 23 24 25 27 28 29 30 33 34 35 36 38 39 40 41 43 45 46 47 49 50 51 54 55 56 57 58 59 60 65 66 67 69 71 72 74 75 76 77 81 83 84 85 86 87 88 89 90 91 92 93 94 96 97 99 100 102 103 104 105 106 107 110 111 112 113 115 117 119 121 122 123 124 125 126 128 130 131 132 133 135 137 138 139 140 142 143 144 146 147 149 150 151 152 153 154 155 156 157 158 162 163 164 165 166 167 171 173 174 175 176 177 178 179 180 181 182 183 185 186 187 188 189 190 192 193 194 197 198 203 205 206 209 210 211 212 213 214 217 218 219 222 223 224 225 226 228 229 231 232 234 235 237 239 240 241 242 243 244 246 247 249 250 252 253 255 256 257 261 262 263 264 265 267 268 269 272 273 275 276 279 280 281 283 284 285 286 287 288 289 293 294 295 296 297 300 301 302 303 304 305 306 307 308 309 312 313 315 317 318 319 320 322 324 325 326 328 329 330 332 333 334 335 336 337 338 339 340 341 342 347 351 352 354 356 357 359 360 361 362 364 365 366 368 369 370 371 372 374 375 376 377 378 379 380 382 385 386 387 388 391 392 394 395 396 397 398 399 401 402 403 404 405 408 409 411 412 413 414 415 416 417 418 419 421 422 424 426 428 431 432 433 435 436 438 439 440 441 442 443 444 447 448 449 450 451 452 454 455 459 460 462 463 466 467 468 469 470 471 472 473 474 475 476 477 478 479 481 482 483 484 485 487 489 490 491 495 496 497 498 499 500 501 502 503 504 505 507 508 510 511 512 513 514 515 522 523 524 526 527 530 531 532 533 535 536 537 539 540 541 543 544 545 547 548 550 551 553 554 555 557 559 560 562 563 564 565 566 567 568 569 571 572 574 575 576 577 579 580 581 582 583 585 586 587 589 591 594 595 596 597 598 599 601 602 603 604 606 607 608 609 610 611 614 616 617 619 621 622 623 625 626 628 629 630 631 632 634 635 636 637 639 641 642 643 645 646 648 649 650 651 652 653 655 656 657 658 659 660 661 662 663 664 666 667 668 669 671 672 673 674 676 678 679 681 682 687 688 689 691 693 698 699 700 701 703 704 705 